[-8.98517221e-02  1.14677418e-02  1.39325056e-02 -2.02731360e-02
 -1.46911964e-01 -6.28890619e-02 -2.23636422e-02 -1.62237287e-01
  8.97276849e-02 -1.59319103e-01  8.81857574e-02 -9.33931023e-02
 -2.50816584e-01 -1.35739297e-02  2.54128836e-02  1.00170791e-01
 -3.94808799e-02 -1.93562984e-01 -1.44852638e-01 -1.22525826e-01
  1.95994284e-02  2.96869688e-03  1.99851710e-02 -5.87950554e-03
 -1.81299448e-01 -2.36556619e-01 -1.11456960e-01 -1.02515876e-01
  8.92246813e-02 -2.67525353e-02 -2.13954449e-02  4.25120629e-02
 -2.36015946e-01 -8.42194557e-02 -7.28284940e-04  6.74597695e-02
 -2.64572501e-02 -9.06684101e-02  2.40457758e-01  1.79569479e-02
 -1.76202297e-01  1.41652301e-04  8.96886960e-02  2.27108702e-01
  1.78310901e-01 -2.18339879e-02  7.28241131e-02 -1.50477719e-02
  1.31935805e-01 -1.92079291e-01  6.34909868e-02  5.44536039e-02
  2.56702721e-01  9.69186574e-02  8.23986009e-02 -1.63334846e-01
  1.04033902e-01  1.16184235e-01 -2.56780565e-01  1.51656643e-01
  1.22767322e-01 -7.42320865e-02 -9.00280550e-02  1.16195632e-02
  2.15933800e-01  1.07068613e-01 -5.15939407e-02 -1.51150972e-01
  2.18350977e-01 -2.06009462e-01 -1.45344790e-02  1.12590544e-01
 -1.20751657e-01 -7.84042031e-02 -3.22357416e-01 -3.71136963e-02
  3.04970145e-01  1.02700181e-01 -1.40530363e-01 -2.49203537e-02
  1.94205698e-02  2.24442054e-02  3.06909308e-02  2.86601465e-02
 -1.10517859e-01 -2.02628337e-02 -5.86995222e-02  7.14085251e-02
  2.19559103e-01 -2.56664492e-02 -4.54511531e-02  2.03711659e-01
  7.34201372e-02 -6.42228350e-02  3.14650759e-02  8.59531760e-02
 -8.86002779e-02 -1.04365177e-01 -1.65858399e-02  4.56193388e-02
  9.54536423e-02 -1.55223787e-01  3.59879993e-02  1.21633895e-01
 -1.82796806e-01  1.37557417e-01 -1.15467042e-01  2.35709734e-03
 -7.07566068e-02 -1.59639139e-02 -7.70715252e-02  1.00262742e-02
  1.27093211e-01 -2.36208871e-01  1.13416947e-01  1.87109500e-01
 -9.58715379e-02  3.28329727e-02 -2.30637640e-02  3.78125496e-02
 -9.74578224e-03  4.83785979e-02 -1.87725142e-01 -1.55552357e-01
 -1.41447131e-03 -5.19183576e-02  3.46195996e-02  1.18721634e-01]
