[-0.14257599  0.11822326  0.14916831 -0.03397679 -0.08086666 -0.13589995
  0.01184809 -0.09978524  0.16968501 -0.04514624  0.24834572 -0.02881298
 -0.17480744 -0.15171723  0.04269255  0.1541602  -0.2003766  -0.09375144
 -0.01941504 -0.09383467  0.08390513 -0.01875047  0.07260936  0.10871058
 -0.09322558 -0.33995646 -0.12554096 -0.21091597  0.12718439 -0.11619647
 -0.02583382  0.00387579 -0.14725855 -0.11763303 -0.07563602 -0.00367673
 -0.01885436 -0.11918467  0.16027348  0.00732274 -0.10322256 -0.00486505
 -0.02467766  0.2264487   0.14485267  0.03714206  0.1208369  -0.01460583
  0.08256063 -0.16193676  0.07036029  0.09029429  0.15203056  0.03596102
  0.10719391 -0.20289722  0.02595892  0.07113937 -0.25054196  0.1048421
  0.0934215   0.03671589 -0.0234875   0.00803368  0.23790392  0.13672577
 -0.07627296 -0.08121125  0.19703893 -0.11646044 -0.01356657  0.04316411
 -0.1592596  -0.1200906  -0.20260936  0.04260958  0.30959499  0.13115337
 -0.19327946 -0.06168159 -0.1844409   0.02942442  0.00094553  0.00803828
 -0.10216798  0.00068814 -0.14033566 -0.01893841  0.0505456   0.02148508
  0.00172207  0.27038404  0.06101216 -0.0067123   0.01121099 -0.05265373
 -0.11527468  0.00989312 -0.06171494 -0.02476113  0.01489225 -0.08857011
 -0.03144519  0.06774411 -0.19568714  0.11684715  0.00638875  0.00269967
 -0.10176231  0.04824791 -0.14898559 -0.01972223  0.13829176 -0.19568577
  0.17376956  0.22155197  0.04163701  0.12522078  0.01477961  0.05603359
 -0.0342146  -0.09052788 -0.1105012  -0.01105104  0.07003646 -0.08779565
 -0.00044877  0.07227138]
