[ 0.01449762  0.15653391 -0.00138793 -0.03687016 -0.04965004  0.0453018
 -0.03137432 -0.07121339  0.15851977 -0.05857937  0.20797168  0.01942353
 -0.26600322 -0.08891098 -0.00388791  0.11407566 -0.04417637 -0.09099624
 -0.12965286 -0.05156815 -0.00891479  0.07208751  0.07478576  0.03642335
 -0.15394852 -0.31715989 -0.08294455 -0.04643118  0.09728941 -0.11424537
 -0.07067413  0.08847526 -0.10013988 -0.03584254  0.04993728  0.01953151
 -0.0531254  -0.03675057  0.25933418  0.11507057 -0.16819352  0.05094164
  0.03405827  0.3088845   0.23403752  0.0236963   0.07313446 -0.06657408
  0.08961637 -0.27530411  0.17709413  0.15031901  0.0810905   0.05007006
  0.14341927 -0.16176954 -0.11932234  0.22051612 -0.16794679  0.12699084
  0.03383521 -0.03058062 -0.09181991 -0.11711472  0.17932697  0.1267041
 -0.14963062 -0.08977012  0.21649241 -0.14469855 -0.03679573  0.02997897
 -0.09615253 -0.16601351 -0.2583341   0.16513515  0.31524709  0.25316414
 -0.15986666  0.05149135 -0.0155096  -0.0176388   0.01120041  0.05637003
 -0.12550576 -0.05821689  0.01762548 -0.00327485  0.14062941  0.04422536
 -0.02199751  0.2899515  -0.02084685  0.02067923  0.03263471  0.01486994
 -0.12307119 -0.07256271 -0.15326215 -0.03092422  0.03292956 -0.1746317
  0.06455916  0.14724334 -0.19444816  0.13853768 -0.02784732 -0.01738409
  0.09470491  0.09419435 -0.09668846 -0.06805765  0.16314819 -0.27025446
  0.19312546  0.13796739  0.06853004  0.11242516  0.15260665  0.12794378
  0.09103172 -0.00232779 -0.10484008 -0.09246106  0.08093822 -0.04356655
  0.01212604  0.06210709]
